64.925206
2.406733
0.376613
0.349960
0.242604
0.334791
0.727136
0.398988
-0.558696
-0.443245
0.567669
0.618479
0.326919
0.155532
-0.044853
-0.216160
64.973125
2.369985
-0.004015
0.087085
-0.108539
0.058773
0.429286
0.466499
-0.259783
-0.375868
0.266611
0.152553
0.149745
0.035528
0.059410
-0.067874
65.878533
2.480298
-0.314904
0.098864
-0.564347
-0.571841
0.314527
0.643068
-0.158602
0.011831
0.280207
-0.230707
-0.083913
-0.030200
-0.046625
-0.238750
65.770655
2.657898
0.007046
0.313290
-0.746399
-0.876862
0.374935
0.567568
-0.185788
0.257972
0.365006
-0.300941
-0.057978
0.092101
-0.195147
-0.418038
64.636482
2.599572
0.657576
0.684703
-0.488498
-0.598217
0.403426
0.461375
-0.111661
0.216228
0.251757
-0.201634
0.046368
0.136443
-0.324161
-0.410235
66.174619
4.220947
2.773255
2.899875
1.328629
0.947976
1.600419
1.405332
0.277392
0.628972
0.633013
0.219943
0.567858
0.446191
-0.119547
-0.076359
127.518650
1.176437
1.813252
-1.118110
-1.756646
-1.510072
-0.937989
1.049087
0.628997
0.359065
0.128653
0.398716
-0.039450
-0.023470
-0.177299
0.298375
144.543717
1.870526
1.501098
-1.637140
-2.053624
-1.254570
-0.584728
1.553859
0.584412
-0.445455
-0.139793
0.479286
0.132644
0.096942
-0.414627
0.176678
153.928086
2.293783
0.820802
-2.338126
-1.800561
-0.681180
-0.490288
1.692060
0.683387
-0.860890
-0.499257
0.368537
0.229631
0.342116
-0.623284
-0.022763
157.585709
2.544484
0.161234
-3.134754
-1.310458
0.078704
-0.509969
1.522076
0.710626
-0.947908
-0.858322
0.120147
0.251476
0.540358
-0.756289
-0.139544
157.055448
2.851418
-0.132509
-3.980242
-1.004616
0.917623
-0.808499
1.232899
0.521705
-0.938869
-1.147643
-0.184262
0.351984
0.707806
-0.678056
-0.003737
154.281217
3.593996
0.301634
-4.877601
-1.215978
1.568134
-1.546856
0.830317
0.248491
-0.789061
-1.294612
-0.570366
0.367667
0.856047
-0.511725
0.249469
150.806999
4.634955
1.138488
-5.739783
-1.373285
1.705591
-1.926179
0.369703
0.188339
-0.648441
-1.203518
-0.985226
0.017572
0.763915
-0.517052
0.195414
145.913042
6.021407
1.930065
-6.499898
-0.864687
1.515813
-1.976527
-0.132178
0.303381
-0.722112
-1.055613
-1.212225
-0.197276
0.554088
-0.655573
0.035521
138.594402
7.831010
3.139171
-6.504015
0.081003
1.264201
-2.205788
-0.565241
0.403710
-0.797240
-0.762502
-1.284760
-0.337868
0.654699
-0.652578
-0.113234
133.331371
6.664218
4.117707
-3.336508
0.217087
0.142792
-2.074234
-0.559949
-0.187584
-0.991617
0.335911
-1.605446
-0.448787
0.923641
-0.340103
-0.468817
