1
-2
-3
0
-1
0
0
1
-3
0
5
1
2
0
0
1
2
1
0
1
0
-1
1
0
0
1
0
-3
0
-1
-4
0
-1
-4
-2
-1
-6
-4
0
-2
1
4
0
1
0
1
-1
-1
0
-2
0
-6
-3
0
0
-3
2
1
0
3
1
2
0
0
0
5
3
1
0
2
1
2
3
1
0
1
0
-3
0
-1
-6
0
-1
-2
-1
2
-1
4
9
0
3
2
5
-3
2
-6
0
2
-4
-2
-1
0
-7
0
-1
-3
-2
1
0
5
-4
0
0
2
3
3
2
-1
1
3
0
-1
2
-5
-1
0
-3
-4
0
-2
-5
-3
1
-4
0
3
-2
3
2
-1
-3
1
-1
-4
-2
-6
-6
-5
-3
-7
-2
0
0
1
2
1
6
7
0
12
2
3
3
2
0
4
5
-8
13
-8
-2
-3
-6
-1
-9
0
-14
12
-7
4
0
5
8
2
14
-7
17
-6
11
-8
11
-9
-1
6
-13
7
-19
13
-12
9
-6
-4
1
-7
7
-11
7
0
-1
7
-1
0
-4
0
-7
-7
-2
-12
-1
-10
4
-1
2
-4
0
7
-6
10
0
10
-4
8
-2
0
3
-2
3
-5
6
-8
8
-8
8
-5
2
-8
6
0
-6
7
-3
8
-6
6
-9
9
-3
7
-6
7
-3
-4
3
-4
0
-11
0
-1
-7
3
-12
19
-7
2
9
1
18
-20
27
-15
22
-12
12
2
-5
0
-12
5
-17
4
-12
0
-16
15
-12
8
-15
21
3
-11
1
0
28
-38
16
-8
19
-26
-12
11
3
-4
-29
26
4
4
-23
17
13
8
-12
6
12
7
-12
1
11
0
0
-23
15
-8
10
-26
7
-4
0
-2
-1
9
-8
10
-1
10
-13
5
-4
7
-23
0
0
0
-3
-17
9
-7
9
-13
9
2
5
-4
2
4
3
-3
-6
11
1
3
-14
8
0
5
-18
5
1
8
-8
-6
18
3
6
-15
20
-3
8
-12
7
3
-2
-2
-14
6
3
0
-11
-2
9
9
-14
-1
5
11
-11
-2
5
14
-7
-3
0
13
1
-14
-2
-10
15
-19
-11
-11
17
-6
-21
-6
20
13
-13
-4
7
27
-18
-3
11
17
-6
-10
12
4
-7
-16
-2
16
-4
-10
-7
2
5
-4
0
1
14
-3
5
7
3
0
3
7
-3
-4
-8
6
-1
-18
-3
-3
4
-19
6
4
2
4
-9
25
3
7
-14
11
11
0
-11
0
6
-3
-6
-8
8
-15
0
-9
-1
6
0
-4
-4
6
16
-4
-6
0
5
6
-13
1
4
-3
-6
-6
7
3
-2
-11
14
-3
0
0
0
2
-15
9
-10
12
-8
-3
2
1
2
-2
4
-4
0
3
-1
7
0
1
-4
13
0
-20
3
4
26
-32
-6
11
19
-6
-19
7
7
12
-20
3
3
-1
0
1
2
-20
-1
-3
14
-4
-17
-1
10
21
-30
0
-3
38
-10
-16
-2
10
15
-22
17
-29
25
-14
15
7
-10
1
-2
43
-27
-2
-17
19
23
-20
-18
-16
34
0
-6
-13
-22
30
-1
-2
-20
-1
19
3
6
-30
5
12
6
7
-37
7
5
35
-19
-30
35
-12
41
-50
25
-20
10
13
-23
18
-60
53
-10
12
-32
-15
56
-25
7
-35
30
2
-8
9
-22
28
-13
25
-30
-1
28
-17
19
-36
56
-27
-14
43
-12
40
-121
89
7
-10
-41
-28
114
-99
32
-13
45
-13
-16
43
-14
8
-17
34
-35
1
20
-11
-27
-23
48
-16
-19
11
1
-21
-20
69
-29
-3
-23
-1
42
-42
55
-45
-2
-26
58
7
-44
17
-15
66
-44
34
-44
72
-5
-32
-20
-11
81
-82
13
-52
55
-1
-23
8
1
41
-48
3
5
47
4
-59
-27
96
44
-53
-67
12
109
-19
-75
5
48
-6
-29
-4
58
-24
-47
-10
47
39
-71
-43
36
78
-57
-22
-37
65
39
-45
-78
17
136
-54
-63
-58
125
0
-48
-35
-9
54
-40
7
3
-4
-57
55
28
14
-34
-46
101
-11
-39
-18
25
14
-49
-2
5
46
-24
-57
131
-46
-15
-67
163
-19
-86
87
-81
62
-73
182
-121
-123
-17
281
-22
-311
35
256
92
-310
-77
326
111
-289
-118
253
143
-358
75
89
121
-261
-30
292
-117
-129
-60
250
14
-207
-80
196
105
-208
9
-27
233
-77
-69
-59
49
95
-93
-60
-169
295
-179
186
-194
-28
157
38
48
-242
167
137
-125
-31
-54
215
-100
-103
20
-104
332
-331
166
-121
103
21
-115
95
-123
130
-28
-82
46
90
-98
47
-197
175
25
-42
14
-45
136
-32
-33
8
82
-135
62
-31
82
-73
-151
177
-28
99
-218
76
25
-26
181
-303
82
100
9
-51
-107
194
-30
-35
-53
21
122
-50
-52
-54
126
139
-79
-176
57
172
-173
126
-131
99
-52
-87
269
-253
95
-215
266
-268
16
85
-129
124
-136
106
-133
296
-29
26
-88
130
-19
69
-176
-61
154
-107
85
-21
74
-139
99
1
-147
9
253
-202
-111
114
253
-141
-136
0
128
178
-315
-2
37
195
-124
-234
97
66
-35
-193
80
220
-195
50
-14
167
-27
-52
-42
-133
254
-21
-145
62
104
9
-123
71
169
-241
83
-61
37
-1
78
73
-180
-156
177
315
-162
-234
-68
419
-108
-217
-26
136
307
-491
-91
30
191
178
-538
292
319
-40
-323
-191
465
-122
-94
181
41
34
-427
115
353
6
-421
-64
551
-234
-394
95
661
-310
-463
176
153
53
-208
84
186
62
-531
168
426
-25
-153
-259
373
-229
-20
229
-125
47
2
-236
-140
378
22
-205
161
120
-199
11
32
-1
34
237
-294
-56
-192
254
292
-423
-25
126
-25
-307
439
-115
-95
250
-88
-242
152
514
-292
-274
91
-1
96
-347
297
146
-6
-428
328
-80
-461
218
164
664
-469
-157
-494
846
141
-439
-46
-299
369
148
317
-233
-77
-261
-43
237
-8
123
-343
342
193
-695
224
185
-133
38
99
-428
130
337
-86
-300
-59
507
-188
138
-567
394
54
-159
261
-224
613
-1016
145
234
690
-249
-819
481
-27
391
-295
-287
24
738
-502
-282
126
-49
153
151
-350
-242
587
117
-373
-192
321
10
183
-254
538
-559
-8
66
-264
496
-132
148
4
-388
-386
627
37
56
-281
-308
-54
367
19
160
284
-330
-524
-121
836
215
24
-291
-35
74
149
-500
-223
549
395
-496
-748
479
-27
191
-241
-426
503
325
-259
-328
253
-28
88
95
259
-431
-302
597
-193
171
153
-39
296
-778
-127
519
328
145
-692
-100
77
452
-276
-290
71
332
135
-224
-319
-62
372
-367
180
118
144
-195
131
-194
132
214
-127
133
-240
42
388
352
-725
-680
223
839
179
-58
-329
-450
134
-235
114
462
74
-176
-221
-181
-199
-190
249
338
250
43
-485
-297
-104
372
425
85
-71
-461
19
198
1
56
-154
440
-20
-147
-328
66
247
-81
-152
-163
570
-28
-353
-572
499
400
-23
-357
91
341
-282
-110
14
170
-58
103
-30
15
-18
-49
113
-59
-273
262
69
284
60
-284
-143
-388
115
266
168
2
-475
41
220
-179
3
-229
30
181
224
-7
-151
85
75
-251
-77
177
103
-122
153
409
-91
-325
-418
88
252
18
78
129
23
-64
-180
141
2
-115
-71
110
319
39
-214
-226
30
94
-128
-75
69
42
86
-216
56
100
255
-172
-271
50
16
234
44
51
-76
-247
-231
68
126
181
74
130
-331
-283
43
-100
425
318
145
-302
-191
-135
-329
403
230
32
280
66
-293
-332
-43
-294
65
320
41
142
164
-25
-299
-168
-171
76
113
-34
84
162
182
78
-22
33
-179
-33
90
154
221
-209
-132
-169
-103
17
52
136
61
-168
-78
-116
64
177
104
183
-136
-255
-228
-198
-112
-70
110
286
108
297
-19
-90
-78
-283
-74
65
379
422
208
-72
-301
-217
-34
-136
101
189
110
-110
-412
-325
-188
-155
233
411
413
392
-227
-486
-474
-341
-27
338
661
856
430
134
-228
-501
-263
-386
125
320
27
125
-252
-250
-123
-150
395
280
198
-27
-533
-480
-722
-476
-6
82
474
330
10
-32
-480
-337
-186
235
796
696
963
551
278
197
-342
-400
-594
-550
-596
-708
-207
-227
133
83
-48
575
501
822
872
578
613
94
-179
-473
-1028
-806
-1263
-1460
-1199
-1058
191
1175
2369
3788
4300
4409
3293
1652
-29
-2029
-3226
-4188
-4487
-4184
-4067
-3565
-3080
-2600
-1901
-1167
-370
397
1051
1593
1925
2005
1901
1532
1053
611
59
-365
-590
-964
-891
-297
429
1544
2793
3634
4192
4431
4381
3967
3383
2825
1667
868
407
-782
-1476
-1480
-1866
-1515
-928
-237
724
1021
1691
803
-285
320
653
2240
4448
5650
5356
2807
-972
-6349
-11098
-13419
-14400
-13042
-10021
-6452
-4023
-2295
-880
-499
695
2790
5163
7859
9979
10520
8981
5834
1985
-2320
-5239
-6170
-6175
-4542
-2170
-285
1275
2415
2996
3001
3135
3260
2772
1959
1123
2
-1099
-1346
-1414
-1407
-473
219
736
1387
1884
2461
3281
4350
5101
5263
4765
3234
1195
-1220
-3136
-4587
-4730
-3651
-3852
-1898
966
2606
5101
6844
7074
5612
1968
-2356
-7807
-12182
-14187
-15467
-14177
-11278
-8266
-4551
-1373
1333
3505
5326
7530
8627
9766
10278
8945
7133
4417
969
-2186
-4807
-6104
-6461
-5465
-3287
-839
2440
5389
7541
9148
9366
8009
5622
2645
-744
-3826
-5938
-7431
-7640
-6642
-5221
-3349
-1227
523
1957
3630
4694
5540
6857
7310
6767
5995
4296
1239
-1280
-3573
-5573
-5584
-4529
-3198
-1584
1650
4552
5666
7793
8278
6001
3135
-1236
-6427
-11213
-14573
-16345
-16728
-14642
-11722
-8572
-4365
-884
1966
4706
6881
8652
9551
10072
9661
7799
5599
2335
-1092
-3786
-5840
-6483
-6063
-4524
-2283
51
2989
5363
7103
9012
9223
8172
6359
3231
-519
-4123
-6628
-8081
-8433
-7304
-5559
-3607
-1570
-346
1098
2603
3506
5081
5787
7024
7452
6171
5445
2685
-361
-2916
-5415
-6727
-6490
-4944
-3339
-1187
2367
4897
6843
9146
8650
6490
3229
-2074
-7861
-12924
-16321
-17906
-17312
-14204
-10502
-6070
-1465
1745
4605
6873
8290
9354
9704
9858
8905
7156
5096
1667
-1646
-4401
-6463
-7190
-6393
-4287
-1163
2218
5098
7349
8665
8480
7275
5777
3468
752
-1582
-4068
-6341
-7600
-8524
-8620
-7401
-5505
-3193
-538
2052
3854
4981
5676
5618
4946
4225
3769
3005
2086
1190
174
-1012
-1863
-1930
-2238
-1402
197
1087
2838
5222
6945
7976
8407
7056
3559
-806
-6117
-11854
-16123
-18368
-18885
-17144
-13158
-8386
-3381
1638
5297
7492
9012
9064
8404
7881
6874
5383
3676
1681
-912
-3526
-5226
-6577
-6882
-5178
-2876
333
4057
6925
9251
10348
9636
7863
5311
2263
-686
-2867
-4233
-5248
-5501
-5423
-5600
-5160
-4619
-3963
-2574
-1247
287
1763
2763
3586
3654
3367
2819
1886
1116
268
-4
72
-4
651
1375
1475
1787
2226
2293
2388
2751
3944
5086
5906
6744
5385
2684
-1344
-7308
-12604
-17007
-19478
-19112
-16340
-11133
-5596
130
5264
7931
9534
9632
8465
7284
5623
4373
3199
1756
438
-1280
-2952
-4507
-5480
-5268
-4288
-2064
1103
3998
6752
8403
8631
7862
5891
3546
976
-1360
-2950
-4114
-4494
-4338
-4183
-3793
-3721
-3569
-3413
-3200
-2241
-1403
-180
1156
1734
2345
2395
1858
1604
1161
887
1308
1818
2473
3366
3603
3795
3354
2155
1313
88
-653
-623
831
3004
4746
7002
7060
4809
1481
-4306
-10270
-15105
-18599
-19172
-17175
-12534
-6860
-1292
4075
6975
8326
8538
7280
6240
5141
4393
3972
3384
2552
816
-1106
-3312
-5462
-6316
-5940
-4264
-1072
2649
6077
8463
9581
9169
7009
4427
1526
-1411
-3309
-4187
-4550
-4238
-3590
-3428
-3392
-3424
-3768
-3800
-3278
-2396
-1043
606
2161
3177
3685
3593
2822
2164
1462
949
1181
1380
1972
2478
2625
2904
2280
1724
1324
469
611
1392
2753
4657
6080
6830
5570
2580
-1865
-7725
-12707
-16736
-18743
-17648
-14700
-9640
-3914
1328
5908
8273
9215
8927
7411
6140
4902
3910
3291
2312
980
-921
-2945
-4760
-6073
-5803
-4536
-1964
1593
4930
7783
9247
9223
7733
5047
2130
-720
-3156
-4495
-5034
-4994
-4239
-3413
-2713
-2111
-1775
-1637
-1493
-1132
-716
-206
406
985
1225
1535
1696
1583
1626
1827
2066
2283
2756
2844
2863
2840
2482
2177
1652
1317
704
131
544
837
2191
3910
4749
5129
3578
402
-4106
-9310
-13767
-17007
-17781
-15993
-12359
-6867
-1149
3952
7954
9836
10129
8889
6897
4787
2699
1384
347
-622
-1449
-2485
-3433
-4061
-4146
-3229
-1709
744
3514
5942
8029
8781
8521
7045
4520
1656
-1380
-3921
-5534
-6267
-5840
-4574
-2988
-1125
234
1073
1230
706
16
-911
-1429
-1578
-1422
-881
-370
158
641
1079
1684
2559
3487
4255
4892
4977
4292
3292
1838
16
-1534
-2494
-3149
-2610
-664
1746
4811
7469
8568
7581
4439
-514
-6920
-12562
-16686
-18880
-17620
-14041
-8931
-2780
2696
6825
9194
9813
9011
7277
5558
3750
2332
1439
329
-802
-2022
-3362
-4388
-4722
-4115
-2569
-202
2670
5267
7274
8403
7995
6515
4265
1223
-1574
-3887
-5428
-5854
-5350
-3840
-2202
-428
1178
1723
1959
1530
306
-744
-1808
-2772
-3027
-2747
-1984
-733
708
1991
2761
3257
3244
2913
2841
2859
3099
3460
3568
3087
1991
256
-1751
-3486
-4505
-3939
-1738
1755
5813
9142
10528
9174
4960
-1464
-8767
-15213
-19411
-20436
-18005
-12879
-6275
458
6025
9409
10541
9881
7963
5758
3937
2548
1779
1225
375
-851
-2514
-4165
-5426
-5654
-4579
-2307
1039
4591
7647
9443
9569
8069
5131
1661
-1733
-4471
-5986
-6258
-5535
-4168
-2332
-621
762
1934
2478
2405
1990
992
-518
-1980
-3370
-4351
-4461
-3632
-2102
-116
2023
3564
4345
4396
3814
2967
2321
1991
1829
2020
1922
1453
642
-846
-1973
-2908
-3078
-1312
1263
4554
7929
9534
8784
5446
-251
-7231
-13639
-17985
-19657
-17793
-13065
-7011
-310
5370
8986
10501
10030
8258
5865
3799
2193
986
347
-509
-1768
-3030
-4345
-5159
-4948
-3676
-1367
1701
4847
7336
8672
8379
6555
3644
311
-2713
-4916
-5982
-5977
-5095
-3527
-1668
254
2156
3507
4285
4269
3213
1425
-903
-3325
-5346
-6453
-6430
-5111
-2628
207
2999
5186
5993
5780
4764
3231
2085
1326
947
1138
1189
952
576
-387
-1789
-2574
-3034
-3170
-1028
2209
5174
8632
10391
8603
4599
-1291
-8762
-15045
-18251
-18805
-16153
-10340
-3886
1905
6589
9084
9221
8096
6598
4710
3087
2293
1293
-94
-1366
-2995
-4753
-5519
-5126
-3773
-1182
2223
5353
7535
8555
7850
5535
2589
-397
-3115
-4721
-4976
-4745
-3829
-2361
-1320
-307
915
1934
2924
3797
4103
3434
1887
-476
-3303
-5521
-6681
-6580
-5063
-2524
348
2757
4556
5528
5141
4331
3352
2026
1144
660
479
449
414
485
306
-411
-1232
-1558
-2086
-2035
286
2955
5162
7739
8236
5364
1107
-4191
-10493
-14976
-16209
-15199
-11802
-6204
-635
3584
6481
7864
7652
6534
5621
4672
3218
1943
479
-1944
-4117
-5264
-5905
-5300
-2814
372
3154
5799
7568
7290
5850
3986
1588
-837
-2416
-3125
-3612
-3573
-2917
-2411
-1881
-626
953
2261
3784
5056
4878
3613
1804
-819
-3710
-5697
-6378
-6141
-4951
-2818
-672
952
2338
3623
4163
4192
4170
3493
2205
1186
583
73
-163
216
582
184
-466
-879
-1465
-2225
-1158
1723
4348
6738
8654
7820
3674
-1854
-7840
-13625
-17161
-16984
-13801
-8838
-2891
2849
6657
8118
8319
7559
5926
4497
3535
2034
-30
-2176
-4494
-6396
-6654
-5041
-2079
1445
4800
7023
7371
6179
4209
2137
255
-834
-1054
-1346
-2006
-2470
-2817
-3084
-2584
-1071
864
2728
4131
4798
4494
3026
1003
-956
-2967
-4631
-5172
-5029
-4561
-3475
-2013
-633
971
2735
4262
5072
4819
3506
1394
-776
-1963
-1582
-300
1227
2807
3675
2789
757
-1137
-2547
-3544
-2726
641
4567
7156
8126
7067
2973
-3254
-9049
-12848
-14648
-14064
-10714
-6076
-2248
625
3148
4840
5484
6091
6884
6628
4747
2058
-794
-3883
-6343
-6652
-4954
-2499
454
3410
5247
5437
4719
3938
3127
2318
1848
1446
326
-1485
-3236
-4314
-4415
-3325
-1299
1134
3093
4064
4050
3366
2433
1516
757
-24
-1229
-2909
-4650
-5813
-5858
-4713
-2543
89
2264
3347
3359
2539
1241
146
-104
291
1018
2084
3172
3363
2336
861
-214
-1079
-2052
-2460
-1719
-539
209
1453
4166
6765
7218
5979
3645
-582
-6439
-11607
-14023
-13754
-11813
-8460
-3886
555
3346
4773
6108
7354
7484
6272
4361
2019
-1301
-5073
-7231
-6937
-5236
-2686
773
3868
5209
4979
4402
4094
3481
2251
1217
586
-753
-2993
-4508
-4327
-3273
-1999
-231
1845
3202
3323
2805
2371
2058
1562
779
-199
-1373
-2772
-4170
-4814
-3997
-2135
-175
1548
2480
2384
1477
427
-189
14
859
1665
2060
1806
1227
773
609
699
1020
813
60
-611
-672
-86
802
929
1154
3211
5238
4428
1384
-1623
-4714
-8495
-11632
-11599
-8155
-4381
-2345
-459
2037
3373
3264
3751
5524
6745
5384
1912
-1141
-3089
-5023
-6206
-4705
-1034
2109
3119
2922
3017
3125
2568
2022
2136
2168
1080
-963
-2870
-3650
-3482
-2893
-1623
315
1907
2540
2656
2736
2788
2375
1531
619
-310
-1626
-3056
-4166
-4608
-3999
-2476
-757
709
1634
1751
1445
910
182
-239
209
1214
2106
2369
2209
2119
1988
1365
779
595
636
22
-1067
-1506
-804
-694
-741
2034
6081
6749
3234
-1141
-4765
-7877
-10637
-11082
-7968
-3898
-2437
-2532
-1637
348
2507
4408
6221
7805
7351
3267
-1692
-4449
-4903
-4288
-2944
-654
1919
2956
1656
437
1136
2698
3328
2990
2265
1217
-676
-3160
-4335
-3113
-711
828
1047
994
1330
1535
1399
1516
2133
2190
852
-1159
-2240
-2306
-2268
-2269
-1587
-188
918
713
-31
-26
429
232
-609
-908
-276
395
702
1698
3241
3870
2739
847
-452
-742
-884
-883
-267
778
1537
1733
410
-971
626
3971
4987
2211
-1757
-4999
-7118
-9238
-10482
-8517
-4343
-1550
-1167
-1135
667
3667
5705
5848
5433
4358
1324
-2658
-5238
-4894
-2637
-424
389
816
1377
1578
1739
2733
4180
4676
3215
144
-2375
-3219
-3146
-2981
-2204
-478
1189
1533
1114
1662
3065
3668
2792
1231
-226
-1279
-2162
-2568
-1931
-759
-230
-526
-848
-509
103
106
-332
-543
-655
-1259
-1903
-1490
472
2653
3532
3435
3197
2406
865
-566
-975
-521
-304
-900
-1199
-106
1647
2526
2102
1833
2447
2542
685
-2087
-4023
-4966
-5687
-6524
-6619
-5132
-2841
-1164
-162
1236
3243
4690
4597
3516
2475
1131
-1008
-3006
-3601
-2657
-1305
-462
263
1562
2659
2816
2673
2794
2808
1853
-91
-1876
-2463
-2290
-2041
-1439
-199
1282
2204
2277
2070
2073
1736
540
-933
-1875
-2041
-1767
-1436
-969
-175
559
710
430
334
467
281
-538
-1555
-1933
-1582
-1254
-1167
-584
1076
2910
3607
3067
2175
1475
825
185
-59
-76
-666
-1797
-2334
-1342
617
2102
2617
3251
4374
4490
2338
-1051
-3726
-5247
-6695
-8332
-8575
-6579
-3892
-2089
-618
1814
4703
6248
5761
4470
3169
1291
-1288
-3364
-3769
-2845
-1784
-1120
-280
1102
2454
2994
2971
2748
2394
1685
506
-713
-1400
-1564
-1588
-1452
-958
103
1339
2020
1917
1543
1312
1016
413
-300
-691
-711
-799
-1052
-1042
-565
-17
311
421
428
229
-319
-929
-1091
-770
-506
-415
-449
-363
251
1488
2868
3586
3291
2239
1177
433
-318
-1204
-2044
-2544
-2410
-1609
-455
617
1100
993
1088
1919
2660
2031
-112
-2667
-4495
-5554
-6102
-5722
-4125
-2033
-468
557
1843
3450
4427
3950
2618
1435
382
-868
-1834
-1710
-899
-477
-510
-23
1255
2286
2230
1566
1187
1062
520
-530
-1270
-1033
-229
373
501
449
559
620
452
378
755
1169
889
-111
-865
-686
-133
229
377
298
-266
-1180
-1575
-927
261
891
490
-264
-751
-972
-1200
-1232
-676
142
525
612
1210
2422
3291
2744
977
-1009
-2210
-2358
-1791
-938
-257
223
537
682
683
885
1673
2618
2647
1200
-975
-2626
-3306
-3448
-3414
-3137
-2486
-1687
-941
-117
932
1761
1793
1157
445
-77
-569
-915
-771
-151
511
842
825
732
707
662
519
430
481
486
272
62
211
620
768
310
-371
-578
-55
784
1296
1421
1272
721
-212
-978
-942
-410
-147
-463
-649
-92
699
978
691
260
-250
-1067
-1733
-1457
-306
512
435
414
1036
1543
1088
349
480
1109
840
-245
-720
-417
-730
-2155
-3229
-2686
-1514
-1217
-1203
126
2181
2769
1567
660
1216
1861
1047
-625
-1821
-2755
-3845
-3888
-1544
1928
3545
2444
885
724
1189
791
-102
-509
-741
-1313
-1474
-226
1653
2240
1007
-475
-810
-253
155
-27
-497
-913
-1021
-583
417
1361
1346
232
-1013
-1311
-574
317
609
504
339
102
-23
393
1228
1585
721
-851
-1856
-1695
-740
310
1036
1226
912
513
552
998
1409
1271
332
-1156
-2394
-2339
-1284
-685
-1182
-1548
-578
840
1518
1914
2780
3160
1504
-1337
-2939
-2827
-2434
-2507
-2015
-505
864
1319
1764
2967
3509
1887
-912
-2498
-2191
-1375
-1026
-428
712
1257
567
-176
347
1269
735
-1126
-2247
-1620
-383
231
748
1830
2401
1587
411
340
923
288
-1671
-2995
-2688
-1911
-1679
-945
1287
3647
4035
2465
972
403
-424
-2272
-3917
-3939
-2540
-875
819
3096
5150
5245
2862
-435
-2757
-3735
-3830
-2878
-729
1551
2581
2478
2546
2981
2369
-109
-2915
-4094
-3667
-2826
-1995
-592
1294
2586
2711
2338
1917
1068
-435
-2054
-2890
-2740
-2026
-972
627
2128
2454
1757
1241
1229
736
-902
-2566
-2687
-1442
-143
722
1587
2148
1950
1150
583
355
-396
-1802
-2524
-1552
287
1578
1951
1949
1444
152
-1320
-2077
-2297
-2795
-3330
-2720
-685
1548
2955
3974
4927
4973
3330
562
-1955
-3681
-4825
-5162
-4191
-2143
-91
1390
2596
3699
4233
3631
2127
522
-759
-1829
-2461
-2399
-1820
-1256
-1040
-1016
-790
-327
92
372
673
1203
1892
2418
2231
1323
-29
-1539
-2818
-3464
-3085
-1664
269
1871
2763
3025
2687
1507
-353
-2040
-2755
-2596
-2067
-1052
619
2353
3291
3504
3473
2912
991
-2020
-4362
-4662
-3280
-1450
202
1576
2361
2296
1779
1256
433
-1119
-2835
-3535
-2919
-1534
27
1718
3091
3285
2281
991
181
-360
-987
-1529
-1610
-1367
-1069
-622
109
634
488
189
694
1781
2033
982
-365
-1091
-1689
-2646
-3073
-2063
-262
1066
1781
2653
3757
3983
2728
643
-1293
-2786
-3859
-4185
-3329
-1532
222
1437
2324
2988
2941
1725
-176
-1513
-1678
-1242
-639
160
931
1133
658
21
-411
-900
-1469
-1483
-718
328
1098
1546
1650
1288
408
-550
-1129
-1400
-1597
-1566
-1101
-375
436
1146
1698
1825
1367
644
260
259
238
50
-105
-169
-285
-489
-691
-795
-901
-836
-270
748
1706
2063
1540
420
-742
-1533
-1884
-2011
-2062
-1850
-1036
224
1374
1984
1921
1348
605
-68
-449
-449
-303
-148
111
286
270
230
190
204
230
96
-299
-767
-1039
-859
-264
250
400
515
857
1125
963
333
-407
-1067
-1496
-1401
-750
-77
143
221
543
901
799
202
-296
-412
-333
-148
283
847
1154
977
520
68
-399
-1017
-1678
-1940
-1463
-266
1047
1977
2431
2446
1798
387
-1228
-2327
-2701
-2650
-2253
-1278
123
1331
1959
2091
1901
1356
497
-343
-766
-756
-586
-354
-37
243
410
398
231
-113
-645
-1058
-1003
-475
142
541
641
552
351
21
-407
-722
-769
-554
-176
215
658
1055
1174
966
554
124
-290
-714
-976
-855
-438
-39
182
364
501
491
328
110
-82
-395
-697
-763
-577
-294
-36
175
343
408
473
569
559
351
83
-87
-327
-634
-802
-613
-212
114
371
709
930
790
388
36
-197
-519
-899
-1011
-679
-275
-7
245
522
585
372
176
137
52
-234
-426
-215
184
387
389
420
442
168
-253
-440
-342
-247
-346
-360
-49
317
397
256
207
183
-82
-407
-371
-26
131
-40
-153
44
337
382
172
14
-74
-227
-423
-433
-238
-37
85
132
158
124
76
123
176
81
-65
-95
2
-37
-171
-159
27
196
211
217
241
124
-131
-223
-54
106
22
-139
-106
28
28
-111
-169
-155
-179
-160
-90
-22
-40
-22
83
206
219
142
103
30
-149
-298
-219
-38
54
91
254
407
345
143
4
-44
-193
-440
-507
-328
-116
-31
36
200
260
156
116
259
326
135
-94
-93
39
103
65
15
-28
-151
-285
-244
-23
135
182
243
349
327
96
-202
-306
-314
-374
-398
-257
20
160
173
170
194
135
-59
-171
-61
111
170
108
67
76
11
-113
-152
-73
-37
-78
-69
29
153
215
196
94
-103
-253
-260
-155
-112
-144
-44
141
243
249
263
252
84
-152
-239
-201
-185
-208
-109
102
160
54
5
103
190
136
82
123
118
-25
-143
-77
-16
-148
-277
-173
26
96
53
112
224
145
-59
-139
-82
-33
-39
-7
99
201
211
171
116
-50
-293
-417
-331
-150
13
152
256
247
136
3
-129
-252
-328
-273
-104
51
167
239
288
227
102
-10
-76
-134
-226
-207
-70
94
189
253
216
80
-73
-100
-42
-54
-76
-34
95
117
59
-14
-75
-101
-120
-67
37
120
88
26
26
77
30
-66
-123
-94
-36
-40
30
146
180
51
-103
-147
-128
-145
-115
-3
132
178
139
139
114
-1
-172
-220
-148
-100
-97
-54
62
110
45
6
58
75
-10
-52
18
105
99
80
118
132
22
-127
-164
-138
-99
-75
26
143
182
134
45
18
-45
-120
-167
-148
-109
-49
50
119
163
149
96
-8
-103
-145
-128
-85
-36
28
58
92
102
98
4
-112
-145
-93
-22
-4
62
106
94
-6
-38
-17
5
-11
10
100
122
52
-62
-58
-3
25
16
31
12
-50
-94
-58
27
55
3
-26
-1
9
0
-14
-20
-32
-52
-41
15
36
-4
-16
50
93
43
-18
-22
-10
-23
-49
-26
8
-5
-39
-22
16
13
0
7
47
72
41
-18
-47
-47
-57
-32
8
46
70
88
83
44
-4
-80
-115
-101
-41
3
63
101
87
57
18
16
21
-3
-44
-24
-19
-27
-14
13
20
-16
-56
-48
-14
-23
-41
-19
3
-10
-30
-40
-25
-9
16
48
78
55
16
-4
-23
-59
-57
-12
26
70
82
80
70
36
-32
-68
-61
-15
21
46
51
28
0
-23
-33
-31
-24
-30
-13
3
0
-4
0
8
3
-10
-39
-53
-32
-12
5
28
33
17
20
29
48
31
-22
-64
-54
-28
-15
-1
10
40
40
23
21
27
15
2
-14
0
11
13
22
50
56
27
23
34
39
9
-16
-50
-53
-53
-57
-40
-22
-4
12
40
23
-6
-35
-49
-50
-57
-42
-14
19
40
58
62
38
2
-23
-36
-34
-28
-7
24
38
35
21
14
11
0
-10
-15
-25
-5
20
41
58
37
3
-26
-36
-33
-22
-6
-12
1
30
39
43
30
1
-1
-1
-18
-17
-7
5
17
16
3
-18
-32
-52
-54
-39
-41
-25
-16
-18
-5
-3
0
11
17
5
11
19
44
82
71
46
21
17
5
-6
-27
-38
-28
-3
25
26
26
3
-1
-21
-28
-31
-32
-18
0
17
27
37
30
21
-5
-12
-33
-17
-13
-9
6
-2
11
30
38
22
-5
-41
-25
-12
-5
5
12
-2
-13
-7
-13
-5
-15
-25
-25
-21
-13
-3
-2
-2
-6
-14
-7
-15
-14
-2
7
17
22
25
34
35
35
36
17
6
-2
-4
0
4
0
0
-7
-9
-3
-6
-1
-5
-5
-4
2
11
16
14
9
-6
-2
-4
-6
-1
-13
-14
-9
-10
-24
-29
-30
-17
0
11
13
3
-1
-3
6
12
8
6
-6
-10
4
18
27
29
16
-2
-19
-29
-21
-9
-7
1
1
8
4
-5
7
5
2
5
1
0
9
12
9
9
0
-2
1
-6
-6
7
-2
-2
3
-20
-24
-17
-11
-4
0
-7
-3
18
20
22
16
-9
0
19
19
16
7
-5
3
9
0
6
-13
-36
-25
-13
-1
6
2
-1
-4
-8
-13
-14
-19
-14
-16
0
21
17
37
37
13
2
-18
-18
-7
-6
12
17
12
9
8
8
1
-8
-16
-18
-13
-12
-11
4
14
17
24
19
15
24
17
17
18
4
6
2
-7
-6
-9
-12
-7
-16
-23
-29
-26
-16
-9
-7
-7
2
7
11
6
0
-9
-8
0
-7
0
0
4
13
15
19
13
5
-13
-13
0
4
18
26
24
29
22
17
18
8
12
21
13
0
2
0
1
-5
-27
-37
-38
-36
-23
-19
-3
11
23
18
-5
-19
-16
-2
4
8
6
8
2
-4
-9
-10
-9
-10
-9
-7
-14
3
13
12
9
-10
-17
-16
-20
-8
1
5
21
9
4
9
-1
-4
-3
-4
4
10
1
8
4
-2
12
13
17
12
7
9
10
6
6
11
-3
-4
-1
-1
-2
5
13
4
-7
-19
-13
-4
-4
2
-4
-5
-7
-26
-26
-24
-34
-19
-18
-25
-11
2
6
22
15
2
5
-13
-9
-18
-14
-2
8
6
0
-5
-5
-5
-20
-10
-11
5
19
8
16
24
20
16
9
-3
7
14
15
17
4
9
3
11
6
-3
-12
-24
-25
-24
-17
-21
-12
-6
-4
-12
-11
0
-7
-7
-1
-3
-2
-13
-14
-12
-6
4
0
2
10
18
23
26
18
22
21
16
20
10
18
24
14
16
17
11
16
18
7
-3
-13
-10
-13
-20
-18
-33
-32
-21
-14
-15
-26
-23
-22
-21
-28
-19
-21
-9
0
-5
-5
-7
4
-3
-10
-7
3
8
10
15
29
29
23
22
14
8
15
12
7
16
17
22
25
24
27
21
9
9
7
-3
0
2
-3
-6
-3
-2
-12
-13
-12
-16
-28
-22
-30
-32
-36
-51
-58
-56
-52
-44
-24
-27
-21
-13
-9
-6
0
4
10
13
5
17
24
36
39
36
31
32
38
35
46
31
29
20
13
20
20
8
-1
2
0
3
4
1
-6
-1
-1
-9
-10
-15
-17
-15
-33
-35
-28
-35
-31
-22
-22
-23
-7
-2
-1
-1
-4
-4
-10
-9
-11
-12
0
1
10
7
8
23
25
16
17
15
9
15
9
9
9
6
2
8
4
13
28
23
22
17
3
5
4
-6
-9
-16
-15
-13
-8
-6
-8
-14
-7
-8
0
-6
-7
-3
-7
-9
-1
0
-2
10
0
11
15
15
14
11
7
7
-1
-7
-8
-6
0
5
12
0
0
2
3
-4
-4
-2
0
2
0
-6
0
-1
-8
-4
-7
-4
0
5
4
7
3
3
3
6
-4
0
3
3
10
3
11
6
2
10
28
27
24
22
12
8
7
1
-1
-9
-16
-4
-14
-13
-9
-1
6
4
0
-3
2
4
-4
-4
0
-13
-8
-18
-18
-18
-20
-12
-2
7
4
3
5
-5
-12
3
5
3
-4
-14
-11
1
0
10
14
5
4
3
0
3
9
1
9
13
-3
-9
-4
-7
0
2
-8
-13
-11
-7
2
4
19
18
7
0
-7
-8
-5
-4
2
8
3
18
6
11
9
-5
-4
-8
-18
-15
-10
-9
-11
-11
0
4
7
-1
1
6
3
6
10
9
6
0
-6
-8
-10
2
6
8
12
1
2
-1
-4
-7
-2
-2
0
-2
1
4
4
9
6
17
8
6
5
6
-1
3
6
4
-2
-7
-1
-1
3
7
2
-6
-4
-8
-4
-5
-13
-19
-16
-12
-12
-8
-9
-8
-9
-4
0
-7
-24
-21
-18
-13
-3
-6
-10
-12
-8
1
-2
1
4
0
3
0
5
6
10
5
1
2
-1
12
30
31
35
29
13
6
4
4
4
3
8
17
15
23
18
17
30
34
30
25
10
5
4
1
-2
-9
-14
-12
-15
-18
-23
-23
-11
-20
-5
-7
-8
-12
-15
-6
-5
-9
-20
-17
-17
-9
-7
-1
-1
-6
-7
-11
-11
-6
-3
3
5
2
-1
-3
0
3
19
21
23
35
33
31
32
25
21
19
11
-3
-2
-2
-4
-5
-3
-2
-5
-3
3
16
17
7
-1
0
-1
-8
-5
0
-6
5
0
-1
-1
-6
-3
-3
0
-7
-7
-8
-22
-19
-7
-4
-5
-1
3
20
24
21
19
12
6
-7
-10
-14
-14
-18
-20
-22
-17
0
0
3
13
8
19
22
11
10
6
3
1
0
9
3
-11
-14
-5
5
16
7
8
14
4
-4
-14
-8
0
3
-1
2
6
13
11
0
-4
-5
-8
-7
-5
-6
-9
-18
-24
-27
-25
-14
-9
-1
10
14
21
12
7
6
0
-7
-12
-11
-7
-9
-7
-8
-5
0
0
-1
6
16
13
12
3
2
9
8
6
9
3
9
10
11
15
11
11
9
8
18
16
6
-7
-11
-6
-12
-10
-14
-6
-9
-9
-8
-6
1
5
3
4
11
7
8
1
1
2
3
-1
-4
-5
0
1
-6
-10
-13
-17
-8
-7
-4
7
6
5
4
14
8
0
-4
-10
-6
2
6
7
3
-2
-9
-11
-8
3
4
10
12
10
5
-11
-20
-16
-8
0
3
-1
1
1
6
7
4
0
-4
-8
-1
3
10
2
-2
1
6
11
8
9
3
3
5
9
5
-2
-16
-22
-23
-14
-8
7
3
0
11
19
20
8
5
-1
-2
0
0
-3
-3
-10
-3
-9
-11
-8
-11
-4
2
9
13
10
1
-1
2
3
0
-5
-9
-1
11
14
9
6
0
2
-2
-5
-1
0
1
5
3
-1
-2
-2
-4
0
1
-1
-4
-7
0
-1
-7
-13
-8
-5
-1
-3
4
12
17
16
12
13
6
1
-5
-7
-6
2
2
1
-5
-7
-10
-11
-5
4
7
6
0
-2
1
0
-2
-4
8
9
10
5
6
12
9
-2
-15
-16
-22
-24
-24
-22
0
5
1
0
8
18
20
19
10
13
12
9
-2
-13
-19
-17
-15
-6
4
15
16
11
8
6
6
-7
-13
-18
-12
-10
1
2
5
12
10
8
10
9
8
5
-4
0
-9
-13
-22
-26
-23
-14
-3
-3
6
11
16
15
11
-4
-8
-10
-18
-10
-4
-3
-3
4
3
9
13
13
9
6
2
5
-2
-6
-6
-16
-8
-3
8
16
24
19
20
19
14
3
1
-8
-19
-14
-18
-12
-9
-4
0
8
13
15
10
1
-3
-1
4
2
0
-6
-9
-2
-4
-8
-6
-11
-16
-17
-7
2
0
2
-5
0
11
15
14
12
14
16
16
21
15
-2
1
-3
-3
0
-1
-7
-4
-3
-3
-2
3
-2
-9
-8
-11
-6
-5
-1
-11
-9
-4
3
5
3
0
-2
3
5
5
-2
-5
-7
-3
-1
-1
-3
-9
-11
-14
-13
2
2
-6
-7
-6
0
-1
3
1
1
6
12
19
15
18
13
3
1
3
0
3
4
-1
0
6
10
4
1
-3
-1
0
2
-3
-2
-3
-3
-1
-2
6
-5
0
5
-2
1
2
-8
-14
-17
-18
-13
-9
-3
0
3
5
15
11
6
3
0
-5
-2
4
1
0
0
0
4
10
7
7
2
3
3
4
0
-3
-5
-4
-2
-2
2
0
-3
-5
-2
-4
0
1
-6
-12
-10
-4
0
0
1
4
2
9
4
2
2
-2
-1
-4
-2
-1
0
2
0
-8
-3
4
3
1
-2
2
2
8
3
-10
-6
-2
-6
-3
3
2
7
5
4
5
6
7
1
4
4
4
3
-1
-3
-4
-1
1
-2
1
8
3
0
0
-2
3
6
2
-1
-9
-2
-2
-2
-4
-5
0
3
7
2
0
0
-5
-19
-16
-10
-4
-1
5
3
7
8
6
0
-9
-3
-7
-6
2
1
-8
1
-2
-4
-4
-4
-2
0
3
7
8
6
9
0
-2
0
0
-2
8
11
12
14
12
4
0
-1
-2
1
-4
-1
2
4
6
8
2
1
4
-4
0
7
-2
1
7
0
0
-4
0
6
3
4
8
-1
-3
-9
-19
-15
-9
-7
-8
2
3
2
1
-2
-6
-3
-3
-3
4
7
10
9
4
3
-4
-17
-9
-5
0
5
4
5
10
8
0
3
2
-4
-5
-4
0
2
4
0
-3
-15
-15
-12
-18
-12
-6
-2
4
14
4
2
4
6
10
5
4
2
5
2
-1
-3
0
-1
-8
-2
2
3
9
11
0
0
-3
-9
3
7
8
13
13
11
8
-3
-9
-2
0
10
13
5
2
10
2
-4
1
-6
-7
-5
-11
-11
-12
-19
-20
-23
-30
-28
-25
-15
0
5
8
15
11
6
10
7
3
7
0
-2
1
9
13
10
13
18
17
3
10
8
-4
10
8
3
7
5
0
0
0
-4
1
0
-5
-1
-2
1
0
5
5
0
-2
1
10
4
0
0
-6
-20
-27
-31
-34
-32
-26
-17
-14
-5
0
4
9
19
17
15
14
9
16
14
9
9
19
20
20
18
12
10
4
5
-1
-4
-4
-14
-14
-15
-18
-9
-9
-13
-3
-5
-13
-4
-2
0
-5
-14
-14
-15
-10
-10
-8
-7
-5
-6
-5
-2
-5
2
0
3
5
9
13
6
0
-2
2
8
15
24
32
28
25
33
28
15
17
7
3
11
6
1
10
12
10
10
0
-3
-14
-16
-10
-14
-14
-8
-12
-20
-16
-21
-28
-32
-24
-28
-27
-15
-5
-2
-3
-3
-8
3
8
13
16
13
14
15
17
13
10
6
5
3
1
4
1
-4
0
3
2
-4
-7
-2
-2
7
16
18
19
7
-3
-8
-10
-13
-10
-9
-14
-12
-5
-8
-5
1
-6
-15
-17
-10
-10
-13
-17
-8
-3
-2
2
8
14
16
9
13
19
7
9
8
10
7
9
3
8
14
12
18
16
17
22
18
4
6
0
-9
-15
-13
-15
-11
-11
-13
0
-2
0
2
0
-1
-4
-15
-15
-8
-2
-1
-2
3
10
9
9
11
2
-1
-7
-11
-3
0
-1
-1
-6
-9
-6
-8
-11
1
0
-9
-8
-9
-5
-2
-8
-7
0
-2
0
2
6
9
5
3
8
4
0
0
-7
-8
1
1
-6
0
0
-2
4
10
9
15
12
0
5
7
13
14
12
17
10
1
0
4
0
-2
-2
-4
-9
-5
-3
-5
-6
-7
-7
-8
-15
-20
-16
-14
-4
-1
-6
0
6
7
12
14
15
19
14
11
14
11
8
5
5
3
6
2
0
4
5
3
0
-5
-10
-10
-24
-27
-23
-25
-18
-12
-8
0
3
-3
-12
-9
-14
-16
-18
-19
-9
-4
1
9
13
17
17
10
13
9
3
-4
-1
-5
-8
5
12
14
9
10
12
11
7
9
2
-1
1
4
3
-1
0
3
7
4
7
8
0
-12
-15
-19
-17
-16
-17
-10
-7
-6
-2
-8
-15
-15
-8
-4
0
6
9
12
11
14
16
13
8
5
5
-1
-2
1
3
8
5
3
3
1
-5
-5
-5
-4
-3
-4
-4
-1
0
-8
-8
-10
-9
-4
-1
-6
-8
-5
-8
-4
-6
-3
0
0
2
4
3
-3
-4
-2
1
3
5
7
4
-5
-6
0
2
3
3
4
3
1
-2
-3
2
9
13
6
8
13
10
7
1
-1
-1
0
-3
1
6
6
5
0
3
1
1
-2
-5
-5
-1
7
11
10
7
4
4
1
-1
-4
-1
2
2
0
-6
-5
-8
-6
-6
-7
-1
4
1
-6
-7
-6
-4
-7
-4
0
0
0
2
1
4
4
3
5
5
1
-1
-5
-8
0
2
6
9
7
0
-5
-10
-13
-11
-11
-9
-2
4
1
5
0
-3
-6
-11
-6
-1
-1
0
-1
1
5
8
5
4
3
2
4
0
1
0
5
6
5
4
5
9
4
0
-4
2
6
6
2
0
6
3
0
-1
1
5
5
2
-1
4
5
-3
-7
-6
0
0
0
-3
-6
-4
-1
-2
-6
-5
-4
0
-1
0
4
3
1
-4
-11
-13
-17
-17
-16
-9
1
2
2
2
0
3
6
9
6
5
7
4
5
0
0
-2
-2
-1
4
6
0
-1
-4
0
0
0
-1
1
2
7
13
14
12
6
0
-6
-7
-6
-3
-1
2
0
-5
-4
-2
-7
-8
-9
-6
1
2
2
0
0
0
6
1
2
7
3
5
2
0
-1
0
1
-3
0
3
9
7
-1
0
4
5
-6
-8
-3
-4
-5
-4
-3
0
2
-3
-6
1
5
2
-1
2
8
8
7
8
9
2
0
-2
-3
-2
1
2
-1
-1
-3
0
-4
-7
-4
-2
0
0
5
0
0
-2
-4
0
-1
0
-4
-2
5
11
5
1
5
4
0
0
0
-1
-2
-4
-5
-4
-7
-7
-19
-21
-8
-2
1
0
0
7
13
4
-1
2
6
11
8
5
13
12
5
0
-7
-3
0
-7
-10
-8
-6
-10
-13
-12
-9
0
0
4
11
14
12
12
7
4
3
1
0
0
0
0
4
0
-6
-4
-7
-5
-1
1
0
-1
4
5
7
2
-2
-1
0
2
2
2
-3
-3
-2
-5
-12
-7
-1
-5
-2
0
9
10
6
7
10
10
3
0
-4
-1
0
-4
-4
-3
-3
-3
-9
-13
-12
-8
-7
-6
-1
0
0
3
0
1
9
14
16
15
16
6
0
-3
-5
-6
0
-1
-6
-8
-9
-6
-7
-9
-8
-4
2
5
7
5
9
7
3
4
4
4
5
7
1
0
2
0
-4
-5
-2
-1
0
0
0
8
10
8
6
2
0
-6
-9
-9
-7
-8
-9
-7
-6
-5
-5
-6
-2
1
6
2
5
12
5
4
3
3
6
5
2
-2
0
0
-7
-12
-11
-13
-10
-6
-4
-2
0
5
6
6
9
5
1
4
3
4
3
3
3
0
0
-3
-7
-9
-8
-11
-6
0
1
10
9
4
3
3
5
0
0
-1
-1
-5
-3
0
3
2
-1
1
2
4
3
0
3
10
4
4
5
5
3
2
0
-4
0
0
-3
-6
-2
-1
-4
-3
-2
-1
0
-1
0
2
1
6
6
5
8
3
0
1
0
6
8
6
-2
-5
-2
-5
-4
-7
-13
-13
-15
-8
-4
-3
-2
-5
-1
0
4
6
-1
0
1
0
1
2
2
1
-2
-6
-8
-4
-2
-3
-1
0
1
7
8
8
8
4
1
0
3
4
6
2
2
5
-3
-6
-1
-6
-1
2
-1
0
-1
0
-3
-2
0
-2
0
4
3
8
5
2
0
-6
-8
-3
0
-4
-12
-9
-6
-1
1
2
1
4
3
6
14
13
9
5
3
0
7
3
0
0
1
0
0
0
0
0
-2
-3
-3
-2
-3
-3
-3
-5
-5
-6
-1
6
2
2
0
0
-6
-6
-7
-8
-6
-3
2
-1
-3
-5
-1
-4
-7
-6
-5
0
4
8
1
3
2
4
10
9
7
3
-1
-4
3
4
1
-2
-2
1
9
10
8
10
4
3
7
11
8
5
2
0
2
1
0
-5
-7
-8
-5
-8
-13
-10
-9
-8
-10
-4
-6
-3
0
-5
-2
1
2
3
8
5
3
4
3
0
-3
1
1
0
-2
-1
1
-1
-1
-1
1
1
0
1
0
-3
-4
-8
-3
-5
-5
2
1
1
3
4
1
0
1
1
1
4
0
2
2
-5
0
-1
-1
0
-1
4
1
5
13
11
11
6
6
12
7
3
1
2
-2
-7
-7
-10
-8
-10
-7
-7
-6
-8
-4
-4
-2
-2
-2
-3
-6
2
0
1
0
0
2
4
4
2
2
4
7
9
7
3
2
1
-1
-4
-4
-2
-2
-4
-8
-11
-4
-7
-1
-2
-1
0
0
0
1
3
-1
-2
-3
-2
-6
-4
-7
-7
0
-1
3
0
0
2
0
4
1
3
1
-4
0
0
0
3
0
-1
3
4
8
7
10
5
2
4
0
-1
-3
-4
-3
0
-2
-8
-8
-2
-2
2
1
0
3
3
5
10
8
5
6
2
2
4
1
-1
2
-2
-1
1
0
0
1
0
-4
0
-3
-2
-6
-10
-8
-6
-5
-4
-5
-4
-2
-1
3
